"","COUNTYFP","NEVER","RARELY","SOMETIMES","FREQUENTLY","ALWAYS","NAME"
"1",1001,0.053,0.074,0.134,0.295,0.444,"Autauga"
"2",1003,0.083,0.059,0.098,0.323,0.436,"Baldwin"
"3",1005,0.067,0.121,0.12,0.201,0.491,"Barbour"
"4",1007,0.02,0.034,0.096,0.278,0.572,"Bibb"
"5",1009,0.053,0.114,0.18,0.194,0.459,"Blount"
"6",1011,0.031,0.04,0.144,0.286,0.5,"Bullock"
"7",1013,0.102,0.053,0.257,0.137,0.451,"Butler"
"8",1015,0.152,0.108,0.13,0.167,0.442,"Calhoun"
"9",1017,0.117,0.037,0.15,0.136,0.56,"Chambers"
"10",1019,0.135,0.027,0.161,0.158,0.52,"Cherokee"
"11",1021,0.06,0.07,0.058,0.194,0.618,"Chilton"
"12",1023,0.049,0.038,0.126,0.219,0.568,"Choctaw"
"13",1025,0.049,0.088,0.164,0.268,0.43,"Clarke"
"14",1027,0.148,0.158,0.195,0.169,0.329,"Clay"
"15",1029,0.151,0.125,0.138,0.217,0.368,"Cleburne"
"16",1031,0.101,0.152,0.094,0.186,0.466,"Coffee"
"17",1033,0.082,0.096,0.152,0.159,0.51,"Colbert"
"18",1035,0.099,0.052,0.259,0.192,0.399,"Conecuh"
"19",1037,0.055,0.131,0.167,0.263,0.384,"Coosa"
"20",1039,0.187,0.128,0.129,0.201,0.356,"Covington"
"21",1041,0.06,0.091,0.199,0.233,0.416,"Crenshaw"
"22",1043,0.13,0.024,0.249,0.217,0.379,"Cullman"
"23",1045,0.089,0.113,0.118,0.22,0.46,"Dale"
"24",1047,0.095,0.1,0.159,0.122,0.524,"Dallas"
"25",1049,0.084,0.051,0.106,0.179,0.58,"DeKalb"
"26",1051,0.042,0.095,0.127,0.252,0.485,"Elmore"
"27",1053,0.114,0.026,0.188,0.285,0.387,"Escambia"
"28",1055,0.096,0.103,0.178,0.122,0.501,"Etowah"
"29",1057,0.138,0.048,0.151,0.233,0.429,"Fayette"
"30",1059,0.065,0.071,0.223,0.156,0.484,"Franklin"
"31",1061,0.176,0.131,0.089,0.158,0.445,"Geneva"
"32",1063,0.03,0.053,0.127,0.167,0.623,"Greene"
"33",1065,0.026,0.061,0.084,0.191,0.639,"Hale"
"34",1067,0.066,0.068,0.17,0.258,0.438,"Henry"
"35",1069,0.085,0.079,0.135,0.268,0.433,"Houston"
"36",1071,0.092,0.089,0.11,0.249,0.46,"Jackson"
"37",1073,0.049,0.037,0.107,0.179,0.628,"Jefferson"
"38",1075,0.107,0.045,0.132,0.189,0.527,"Lamar"
"39",1077,0.093,0.119,0.141,0.179,0.469,"Lauderdale"
"40",1079,0.162,0.08,0.088,0.251,0.419,"Lawrence"
"41",1081,0.053,0.064,0.138,0.183,0.562,"Lee"
"42",1083,0.102,0.034,0.133,0.336,0.395,"Limestone"
"43",1085,0.12,0.073,0.145,0.199,0.464,"Lowndes"
"44",1087,0.008,0.033,0.241,0.172,0.545,"Macon"
"45",1089,0.062,0.05,0.123,0.177,0.589,"Madison"
"46",1091,0.033,0.151,0.118,0.186,0.512,"Marengo"
"47",1093,0.129,0.064,0.246,0.207,0.353,"Marion"
"48",1095,0.075,0.064,0.129,0.253,0.479,"Marshall"
"49",1097,0.077,0.07,0.102,0.244,0.506,"Mobile"
"50",1099,0.112,0.041,0.182,0.288,0.378,"Monroe"
"51",1101,0.056,0.095,0.123,0.212,0.513,"Montgomery"
"52",1103,0.078,0.077,0.082,0.304,0.459,"Morgan"
"53",1105,0.025,0.084,0.087,0.187,0.618,"Perry"
"54",1107,0.031,0.06,0.169,0.157,0.584,"Pickens"
"55",1109,0.06,0.131,0.145,0.333,0.33,"Pike"
"56",1111,0.158,0.226,0.105,0.144,0.368,"Randolph"
"57",1113,0.069,0.067,0.08,0.213,0.57,"Russell"
"58",1115,0.027,0.134,0.144,0.2,0.495,"St. Clair"
"59",1117,0.022,0.075,0.118,0.24,0.545,"Shelby"
"60",1119,0.055,0.068,0.118,0.197,0.562,"Sumter"
"61",1121,0.113,0.15,0.208,0.169,0.361,"Talladega"
"62",1123,0.067,0.095,0.136,0.296,0.406,"Tallapoosa"
"63",1125,0.041,0.036,0.144,0.247,0.532,"Tuscaloosa"
"64",1127,0.09,0.081,0.145,0.256,0.429,"Walker"
"65",1129,0.018,0.077,0.102,0.307,0.495,"Washington"
"66",1131,0.061,0.098,0.199,0.187,0.455,"Wilcox"
"67",1133,0.13,0.046,0.328,0.183,0.312,"Winston"
"68",2013,0.067,0.032,0.034,0.316,0.551,"Aleutians East Borough"
"69",2016,0.078,0.031,0.03,0.337,0.524,"Aleutians West Census Area"
"70",2020,0.042,0.05,0.049,0.196,0.663,"Anchorage"
"71",2050,0.101,0.022,0.014,0.45,0.413,"Bethel Census Area"
"73",2068,0.062,0.081,0.067,0.225,0.565,"Denali Borough"
"74",2070,0.072,0.025,0.027,0.391,0.484,"Dillingham Census Area"
"75",2090,0.094,0.084,0.175,0.234,0.413,"Fairbanks North Star Borough"
"76",2100,0.055,0.05,0.123,0.419,0.352,"Haines Borough"
"78",2110,0.051,0.067,0.133,0.396,0.353,"Juneau City and Borough"
"79",2122,0.043,0.047,0.051,0.197,0.662,"Kenai Peninsula Borough"
"80",2130,0.025,0.149,0.174,0.256,0.396,"Ketchikan Gateway Borough"
"81",2150,0.042,0.043,0.049,0.233,0.633,"Kodiak Island Borough"
"82",2158,0.103,0.022,0.007,0.521,0.347,"Kusilvak Census Area"
"84",2170,0.042,0.051,0.048,0.198,0.66,"Matanuska-Susitna Borough"
"85",2180,0.086,0.061,0.009,0.544,0.3,"Nome Census Area"
"86",2185,0.036,0.059,0.235,0.215,0.455,"North Slope Borough"
"87",2188,0.035,0.188,0.051,0.474,0.252,"Northwest Arctic Borough"
"88",2195,0.042,0.095,0.148,0.349,0.365,"Petersburg Borough"
"89",2198,0.033,0.125,0.161,0.3,0.38,"Prince of Wales-Hyder Census Area"
"90",2220,0.048,0.077,0.137,0.381,0.357,"Sitka City and Borough"
"91",2230,0.058,0.038,0.116,0.435,0.354,"Skagway Municipality"
"92",2240,0.064,0.071,0.14,0.272,0.453,"Southeast Fairbanks Census Area"
"93",2261,0.04,0.049,0.052,0.197,0.663,"Valdez-Cordova Census Area"
"94",2275,0.035,0.119,0.16,0.312,0.374,"Wrangell City and Borough"
"96",2290,0.044,0.047,0.126,0.425,0.358,"Yukon-Koyukuk Census Area"
"97",4001,0.055,0.063,0.031,0.15,0.701,"Apache"
"98",4003,0.053,0.025,0.147,0.194,0.581,"Cochise"
"99",4005,0.039,0.08,0.07,0.11,0.702,"Coconino"
"100",4007,0.073,0.014,0.03,0.336,0.547,"Gila"
"101",4009,0.095,0.067,0.237,0.049,0.553,"Graham"
"102",4011,0.111,0.089,0.167,0.089,0.544,"Greenlee"
"103",4012,0.031,0.064,0.162,0.173,0.57,"La Paz"
"104",4013,0.023,0.025,0.059,0.158,0.734,"Maricopa"
"105",4015,0.051,0.096,0.104,0.164,0.585,"Mohave"
"106",4017,0.091,0.108,0.059,0.139,0.602,"Navajo"
"107",4019,0.023,0.024,0.073,0.121,0.759,"Pima"
"108",4021,0.033,0.055,0.096,0.148,0.667,"Pinal"
"109",4023,0.028,0.002,0.058,0.074,0.837,"Santa Cruz"
"110",4025,0.031,0.073,0.081,0.176,0.639,"Yavapai"
"111",4027,0.008,0.013,0.046,0.129,0.804,"Yuma"
"112",5001,0.019,0.073,0.134,0.216,0.557,"Arkansas"
"113",5003,0.023,0.103,0.163,0.117,0.595,"Ashley"
"114",5005,0.15,0.104,0.108,0.104,0.534,"Baxter"
"115",5007,0.081,0.034,0.083,0.16,0.643,"Benton"
"116",5009,0.129,0.145,0.122,0.189,0.416,"Boone"
"117",5011,0.094,0.102,0.175,0.184,0.445,"Bradley"
"118",5013,0.145,0.132,0.108,0.211,0.404,"Calhoun"
"119",5015,0.111,0.068,0.115,0.129,0.577,"Carroll"
"120",5017,0.104,0.074,0.193,0.097,0.531,"Chicot"
"121",5019,0.08,0.091,0.08,0.231,0.518,"Clark"
"122",5021,0.082,0.124,0.157,0.242,0.395,"Clay"
"123",5023,0.036,0.065,0.093,0.259,0.546,"Cleburne"
"124",5025,0.107,0.03,0.16,0.231,0.472,"Cleveland"
"125",5027,0.241,0.072,0.054,0.25,0.383,"Columbia"
"126",5029,0.071,0.12,0.137,0.347,0.325,"Conway"
"127",5031,0.078,0.123,0.138,0.341,0.32,"Craighead"
"128",5033,0.155,0.1,0.167,0.211,0.367,"Crawford"
"129",5035,0.059,0.017,0.11,0.306,0.508,"Crittenden"
"130",5037,0.097,0.017,0.163,0.319,0.404,"Cross"
"131",5039,0.197,0.055,0.093,0.196,0.459,"Dallas"
"132",5041,0.078,0.033,0.19,0.189,0.509,"Desha"
"133",5043,0.063,0.049,0.207,0.159,0.523,"Drew"
"134",5045,0.066,0.027,0.077,0.403,0.426,"Faulkner"
"135",5047,0.149,0.079,0.245,0.187,0.34,"Franklin"
"136",5049,0.105,0.121,0.226,0.197,0.351,"Fulton"
"137",5051,0.025,0.102,0.068,0.21,0.596,"Garland"
"138",5053,0.082,0.043,0.127,0.258,0.489,"Grant"
"139",5055,0.062,0.141,0.154,0.346,0.297,"Greene"
"140",5057,0.098,0.073,0.096,0.179,0.554,"Hempstead"
"141",5059,0.059,0.086,0.079,0.216,0.56,"Hot Spring"
"142",5061,0.081,0.07,0.145,0.145,0.56,"Howard"
"143",5063,0.137,0.156,0.088,0.179,0.44,"Independence"
"144",5065,0.086,0.121,0.133,0.23,0.43,"Izard"
"145",5067,0.116,0.103,0.135,0.179,0.468,"Jackson"
"146",5069,0.042,0.036,0.172,0.173,0.577,"Jefferson"
"147",5071,0.144,0.103,0.205,0.221,0.328,"Johnson"
"148",5073,0.12,0.082,0.078,0.234,0.486,"Lafayette"
"149",5075,0.085,0.128,0.153,0.298,0.337,"Lawrence"
"150",5077,0.103,0.032,0.195,0.263,0.407,"Lee"
"151",5079,0.035,0.016,0.194,0.201,0.554,"Lincoln"
"152",5081,0.074,0.121,0.106,0.201,0.499,"Little River"
"153",5083,0.148,0.11,0.12,0.143,0.479,"Logan"
"154",5085,0.048,0.045,0.136,0.297,0.474,"Lonoke"
"155",5087,0.075,0.088,0.159,0.114,0.564,"Madison"
"156",5089,0.171,0.112,0.119,0.108,0.49,"Marion"
"157",5091,0.064,0.124,0.106,0.219,0.487,"Miller"
"158",5093,0.033,0.109,0.134,0.284,0.44,"Mississippi"
"159",5095,0.068,0.128,0.127,0.271,0.406,"Monroe"
"160",5097,0.081,0.095,0.136,0.166,0.521,"Montgomery"
"161",5099,0.143,0.048,0.084,0.224,0.501,"Nevada"
"162",5101,0.107,0.14,0.084,0.261,0.408,"Newton"
"163",5103,0.151,0.097,0.06,0.242,0.449,"Ouachita"
"164",5105,0.098,0.051,0.08,0.367,0.404,"Perry"
"165",5107,0.052,0.061,0.134,0.276,0.477,"Phillips"
"166",5109,0.064,0.061,0.2,0.176,0.501,"Pike"
"167",5111,0.077,0.098,0.141,0.287,0.397,"Poinsett"
"168",5113,0.18,0.08,0.217,0.076,0.446,"Polk"
"169",5115,0.082,0.151,0.181,0.285,0.302,"Pope"
"170",5117,0.062,0.17,0.103,0.273,0.391,"Prairie"
"171",5119,0.028,0.027,0.126,0.175,0.644,"Pulaski"
"172",5121,0.051,0.145,0.203,0.289,0.311,"Randolph"
"173",5123,0.087,0.007,0.289,0.267,0.35,"St. Francis"
"174",5125,0.066,0.044,0.154,0.212,0.524,"Saline"
"175",5127,0.155,0.14,0.124,0.123,0.458,"Scott"
"176",5129,0.1,0.088,0.125,0.149,0.538,"Searcy"
"177",5131,0.121,0.142,0.157,0.208,0.372,"Sebastian"
"178",5133,0.12,0.093,0.155,0.165,0.467,"Sevier"
"179",5135,0.067,0.158,0.22,0.222,0.333,"Sharp"
"180",5137,0.067,0.092,0.11,0.234,0.498,"Stone"
"181",5139,0.116,0.179,0.098,0.262,0.344,"Union"
"182",5141,0.033,0.06,0.096,0.272,0.539,"Van Buren"
"183",5143,0.034,0.028,0.101,0.186,0.651,"Washington"
"184",5145,0.026,0.054,0.152,0.277,0.491,"White"
"185",5147,0.059,0.048,0.208,0.231,0.454,"Woodruff"
"186",5149,0.116,0.1,0.112,0.198,0.474,"Yell"
"187",6001,0.019,0.008,0.055,0.123,0.795,"Alameda"
"188",6003,0.025,0.085,0.088,0.19,0.612,"Alpine"
"189",6005,0.045,0.013,0.099,0.188,0.655,"Amador"
"190",6007,0.015,0.043,0.111,0.204,0.626,"Butte"
"191",6009,0.045,0.019,0.098,0.276,0.562,"Calaveras"
"192",6011,0.027,0.031,0.092,0.151,0.7,"Colusa"
"193",6013,0.018,0.016,0.039,0.121,0.806,"Contra Costa"
"194",6015,0.01,0.135,0.112,0.196,0.547,"Del Norte"
"195",6017,0.028,0.042,0.072,0.183,0.675,"El Dorado"
"196",6019,0.021,0.022,0.059,0.156,0.741,"Fresno"
"197",6021,0.028,0.026,0.146,0.206,0.594,"Glenn"
"198",6023,0.042,0.006,0.018,0.069,0.865,"Humboldt"
"199",6025,0.001,0.005,0.03,0.128,0.836,"Imperial"
"200",6027,0.033,0.011,0.008,0.058,0.889,"Inyo"
"201",6029,0.022,0.028,0.105,0.177,0.668,"Kern"
"202",6031,0.075,0.016,0.049,0.094,0.766,"Kings"
"203",6033,0.003,0.004,0.007,0.136,0.849,"Lake"
"204",6035,0.064,0.068,0.162,0.225,0.482,"Lassen"
"205",6037,0.021,0.013,0.049,0.131,0.786,"Los Angeles"
"206",6039,0.019,0.059,0.048,0.124,0.751,"Madera"
"207",6041,0.011,0,0.046,0.141,0.802,"Marin"
"208",6043,0.01,0.094,0.049,0.186,0.661,"Mariposa"
"209",6045,0.002,0.003,0.004,0.222,0.77,"Mendocino"
"210",6047,0.026,0.036,0.089,0.146,0.703,"Merced"
"211",6049,0.068,0.019,0.095,0.204,0.615,"Modoc"
"212",6051,0.011,0.026,0.012,0.07,0.88,"Mono"
"213",6053,0.023,0.006,0.066,0.141,0.763,"Monterey"
"214",6055,0.017,0.026,0.033,0.149,0.773,"Napa"
"215",6057,0.003,0.054,0.084,0.177,0.682,"Nevada"
"216",6059,0.023,0.021,0.046,0.156,0.754,"Orange"
"217",6061,0.012,0.023,0.072,0.201,0.693,"Placer"
"218",6063,0.063,0.067,0.053,0.146,0.671,"Plumas"
"219",6065,0.026,0.014,0.041,0.116,0.803,"Riverside"
"220",6067,0.025,0.028,0.062,0.164,0.722,"Sacramento"
"221",6069,0.018,0.004,0.063,0.175,0.739,"San Benito"
"222",6071,0.027,0.022,0.048,0.134,0.768,"San Bernardino"
"223",6073,0.017,0.023,0.034,0.126,0.8,"San Diego"
"224",6075,0.017,0.011,0.035,0.121,0.817,"San Francisco"
"225",6077,0.054,0.019,0.081,0.165,0.68,"San Joaquin"
"226",6079,0.025,0.024,0.037,0.169,0.745,"San Luis Obispo"
"227",6081,0.016,0.013,0.058,0.126,0.786,"San Mateo"
"228",6083,0.015,0.02,0.075,0.153,0.737,"Santa Barbara"
"229",6085,0.015,0.014,0.04,0.168,0.764,"Santa Clara"
"230",6087,0.008,0,0.086,0.109,0.797,"Santa Cruz"
"231",6089,0.095,0.056,0.071,0.232,0.547,"Shasta"
"232",6091,0.14,0.053,0.047,0.143,0.617,"Sierra"
"233",6093,0.132,0.074,0.082,0.167,0.546,"Siskiyou"
"234",6095,0.043,0.046,0.035,0.148,0.728,"Solano"
"235",6097,0.022,0.012,0.022,0.149,0.795,"Sonoma"
"236",6099,0.032,0.028,0.062,0.173,0.705,"Stanislaus"
"237",6101,0.058,0.031,0.08,0.163,0.669,"Sutter"
"238",6103,0.057,0.062,0.141,0.195,0.545,"Tehama"
"239",6105,0.081,0.07,0.055,0.201,0.592,"Trinity"
"240",6107,0.025,0.039,0.115,0.136,0.685,"Tulare"
"241",6109,0.008,0.043,0.084,0.212,0.653,"Tuolumne"
"242",6111,0.024,0.011,0.033,0.156,0.777,"Ventura"
"243",6113,0.007,0.005,0.04,0.156,0.791,"Yolo"
"244",6115,0.057,0.035,0.071,0.167,0.669,"Yuba"
"245",8001,0.032,0.027,0.071,0.185,0.685,"Adams"
"246",8003,0.052,0.133,0.094,0.228,0.493,"Alamosa"
"247",8005,0.013,0.026,0.065,0.193,0.703,"Arapahoe"
"248",8007,0.041,0.041,0.155,0.276,0.488,"Archuleta"
"249",8009,0.113,0.053,0.194,0.206,0.435,"Baca"
"250",8011,0.033,0.036,0.172,0.191,0.567,"Bent"
"251",8013,0.008,0.015,0.032,0.195,0.75,"Boulder"
"252",8014,0.018,0.005,0.042,0.201,0.734,"Broomfield"
"253",8015,0.038,0.045,0.134,0.138,0.645,"Chaffee"
"254",8017,0.016,0.187,0.106,0.398,0.292,"Cheyenne"
"255",8019,0.002,0.015,0.138,0.123,0.723,"Clear Creek"
"256",8021,0.06,0.106,0.093,0.195,0.545,"Conejos"
"257",8023,0.034,0.072,0.076,0.175,0.644,"Costilla"
"258",8025,0.002,0.034,0.08,0.294,0.59,"Crowley"
"259",8027,0.017,0.098,0.153,0.234,0.498,"Custer"
"260",8029,0.087,0.094,0.074,0.295,0.45,"Delta"
"261",8031,0.02,0.018,0.062,0.194,0.707,"Denver"
"262",8033,0.052,0.039,0.066,0.252,0.591,"Dolores"
"263",8035,0.013,0.041,0.081,0.192,0.673,"Douglas"
"264",8037,0.008,0.003,0.033,0.269,0.687,"Eagle"
"265",8039,0.016,0.044,0.19,0.246,0.505,"Elbert"
"266",8041,0.031,0.089,0.081,0.196,0.603,"El Paso"
"267",8043,0.006,0.069,0.062,0.2,0.663,"Fremont"
"268",8045,0.065,0.04,0.037,0.326,0.532,"Garfield"
"269",8047,0.001,0.027,0.017,0.17,0.785,"Gilpin"
"270",8049,0.006,0.002,0.05,0.187,0.754,"Grand"
"271",8051,0.057,0.039,0.043,0.281,0.581,"Gunnison"
"272",8053,0.043,0.05,0.117,0.271,0.519,"Hinsdale"
"273",8055,0.028,0.051,0.051,0.275,0.595,"Huerfano"
"274",8057,0.021,0.027,0.09,0.342,0.52,"Jackson"
"275",8059,0.028,0.031,0.075,0.194,0.673,"Jefferson"
"276",8061,0.028,0.051,0.159,0.27,0.492,"Kiowa"
"277",8063,0.024,0.323,0.119,0.344,0.19,"Kit Carson"
"278",8065,0.002,0.016,0.036,0.193,0.753,"Lake"
"279",8067,0.043,0.02,0.122,0.274,0.541,"La Plata"
"280",8069,0.013,0.037,0.06,0.231,0.659,"Larimer"
"281",8071,0.052,0.03,0.101,0.17,0.648,"Las Animas"
"282",8073,0.013,0.068,0.196,0.403,0.321,"Lincoln"
"283",8075,0.078,0.202,0.101,0.368,0.251,"Logan"
"284",8077,0.075,0.105,0.098,0.222,0.499,"Mesa"
"285",8079,0.049,0.072,0.138,0.264,0.478,"Mineral"
"286",8081,0.041,0.142,0.162,0.284,0.371,"Moffat"
"287",8083,0.057,0.019,0.081,0.257,0.586,"Montezuma"
"288",8085,0.085,0.092,0.074,0.314,0.436,"Montrose"
"289",8087,0.083,0.161,0.116,0.245,0.396,"Morgan"
"290",8089,0.004,0.047,0.102,0.194,0.653,"Otero"
"291",8091,0.06,0.08,0.069,0.295,0.495,"Ouray"
"292",8093,0.021,0.018,0.103,0.137,0.722,"Park"
"293",8095,0.05,0.19,0.137,0.255,0.368,"Phillips"
"294",8097,0.019,0.014,0.016,0.318,0.633,"Pitkin"
"295",8099,0.079,0.046,0.205,0.201,0.469,"Prowers"
"296",8101,0.018,0.044,0.074,0.28,0.584,"Pueblo"
"297",8103,0.111,0.092,0.074,0.265,0.458,"Rio Blanco"
"298",8105,0.061,0.144,0.11,0.242,0.444,"Rio Grande"
"299",8107,0.008,0.036,0.092,0.375,0.489,"Routt"
"300",8109,0.065,0.122,0.138,0.232,0.443,"Saguache"
"301",8111,0.032,0.038,0.097,0.27,0.563,"San Juan"
"302",8113,0.043,0.058,0.074,0.26,0.565,"San Miguel"
"303",8115,0.065,0.162,0.138,0.267,0.368,"Sedgwick"
"304",8117,0,0.001,0.064,0.151,0.784,"Summit"
"305",8119,0.105,0.087,0.066,0.145,0.597,"Teller"
"306",8121,0.077,0.208,0.101,0.303,0.31,"Washington"
"307",8123,0.046,0.038,0.135,0.231,0.55,"Weld"
"308",8125,0.038,0.284,0.133,0.255,0.29,"Yuma"
"309",9001,0.027,0.019,0.06,0.114,0.78,"Fairfield"
"310",9003,0.015,0.023,0.065,0.13,0.767,"Hartford"
"311",9005,0.017,0.051,0.021,0.098,0.812,"Litchfield"
"312",9007,0.003,0.007,0.055,0.128,0.807,"Middlesex"
"313",9009,0.023,0.014,0.053,0.115,0.795,"New Haven"
"314",9011,0.025,0.021,0.066,0.142,0.747,"New London"
"315",9013,0.008,0.008,0.027,0.147,0.81,"Tolland"
"316",9015,0.022,0.041,0.082,0.137,0.718,"Windham"
"317",10001,0.026,0.006,0.106,0.051,0.811,"Kent"
"318",10003,0.027,0.013,0.041,0.133,0.786,"New Castle"
"319",10005,0.005,0.001,0.035,0.103,0.856,"Sussex"
"320",11001,0.012,0.013,0.069,0.164,0.743,"District of Columbia"
"321",12001,0.001,0.024,0.053,0.17,0.751,"Alachua"
"322",12003,0.087,0.076,0.18,0.215,0.442,"Baker"
"323",12005,0.065,0.109,0.076,0.202,0.548,"Bay"
"324",12007,0.106,0.168,0.172,0.173,0.381,"Bradford"
"325",12009,0.068,0.073,0.096,0.157,0.607,"Brevard"
"326",12011,0.026,0.023,0.043,0.117,0.791,"Broward"
"327",12013,0.034,0.055,0.138,0.267,0.507,"Calhoun"
"328",12015,0.051,0.049,0.101,0.158,0.64,"Charlotte"
"329",12017,0.09,0.036,0.087,0.178,0.609,"Citrus"
"330",12019,0.055,0.067,0.15,0.209,0.52,"Clay"
"331",12021,0.04,0.023,0.067,0.212,0.658,"Collier"
"332",12023,0.047,0.026,0.288,0.254,0.385,"Columbia"
"333",12027,0.023,0.064,0.056,0.142,0.715,"DeSoto"
"334",12029,0.071,0.095,0.119,0.318,0.397,"Dixie"
"335",12031,0.049,0.042,0.086,0.194,0.629,"Duval"
"336",12033,0.019,0.052,0.095,0.31,0.524,"Escambia"
"337",12035,0.079,0.05,0.113,0.157,0.602,"Flagler"
"338",12037,0.022,0.101,0.237,0.228,0.412,"Franklin"
"339",12039,0.06,0.033,0.104,0.227,0.575,"Gadsden"
"340",12041,0.016,0.151,0.069,0.324,0.44,"Gilchrist"
"341",12043,0.047,0.082,0.098,0.096,0.677,"Glades"
"342",12045,0.046,0.125,0.12,0.249,0.46,"Gulf"
"343",12047,0.101,0.071,0.235,0.227,0.365,"Hamilton"
"344",12049,0.114,0.041,0.179,0.186,0.48,"Hardee"
"345",12051,0.046,0.042,0.112,0.15,0.65,"Hendry"
"346",12053,0.09,0.04,0.091,0.19,0.589,"Hernando"
"347",12055,0.025,0.056,0.145,0.138,0.635,"Highlands"
"348",12057,0.023,0.031,0.069,0.155,0.722,"Hillsborough"
"349",12059,0.17,0.077,0.081,0.111,0.562,"Holmes"
"350",12061,0.054,0.065,0.082,0.193,0.607,"Indian River"
"351",12063,0.064,0.108,0.129,0.174,0.526,"Jackson"
"352",12065,0.019,0.017,0.099,0.183,0.682,"Jefferson"
"353",12067,0.102,0.081,0.22,0.208,0.389,"Lafayette"
"354",12069,0.047,0.062,0.074,0.185,0.632,"Lake"
"355",12071,0.052,0.05,0.073,0.176,0.648,"Lee"
"356",12073,0.051,0.022,0.071,0.156,0.7,"Leon"
"357",12075,0.017,0.132,0.072,0.187,0.592,"Levy"
"358",12077,0.022,0.023,0.205,0.268,0.482,"Liberty"
"359",12079,0.164,0.085,0.148,0.264,0.34,"Madison"
"360",12081,0.074,0.037,0.062,0.201,0.626,"Manatee"
"361",12083,0.046,0.087,0.121,0.203,0.543,"Marion"
"362",12085,0.027,0.018,0.066,0.169,0.719,"Martin"
"363",12086,0.032,0.023,0.06,0.128,0.756,"Miami-Dade"
"364",12087,0.007,0.001,0.014,0.159,0.819,"Monroe"
"365",12089,0.09,0.07,0.147,0.223,0.47,"Nassau"
"366",12091,0.091,0.083,0.147,0.21,0.469,"Okaloosa"
"367",12093,0.016,0.034,0.064,0.171,0.715,"Okeechobee"
"368",12095,0.02,0.02,0.072,0.164,0.724,"Orange"
"369",12097,0.025,0.022,0.058,0.176,0.72,"Osceola"
"370",12099,0.03,0.02,0.05,0.116,0.784,"Palm Beach"
"371",12101,0.027,0.029,0.055,0.179,0.709,"Pasco"
"372",12103,0.025,0.019,0.074,0.133,0.75,"Pinellas"
"373",12105,0.05,0.063,0.085,0.172,0.63,"Polk"
"374",12107,0.068,0.05,0.114,0.186,0.581,"Putnam"
"375",12109,0.047,0.071,0.097,0.223,0.561,"St. Johns"
"376",12111,0.077,0.022,0.08,0.173,0.648,"St. Lucie"
"377",12113,0.047,0.068,0.166,0.265,0.453,"Santa Rosa"
"378",12115,0.017,0.031,0.073,0.175,0.704,"Sarasota"
"379",12117,0.037,0.039,0.066,0.141,0.717,"Seminole"
"380",12119,0.037,0.036,0.064,0.235,0.628,"Sumter"
"381",12121,0.105,0.055,0.244,0.227,0.369,"Suwannee"
"382",12123,0.103,0.086,0.19,0.145,0.476,"Taylor"
"383",12125,0.044,0.04,0.176,0.267,0.473,"Union"
"384",12127,0.035,0.066,0.089,0.192,0.618,"Volusia"
"385",12129,0.032,0.092,0.172,0.275,0.429,"Wakulla"
"386",12131,0.092,0.06,0.092,0.244,0.512,"Walton"
"387",12133,0.138,0.085,0.062,0.158,0.557,"Washington"
"388",13001,0.085,0.117,0.23,0.152,0.416,"Appling"
"389",13003,0.059,0.1,0.179,0.217,0.445,"Atkinson"
"390",13005,0.071,0.132,0.187,0.188,0.421,"Bacon"
"391",13007,0.027,0.048,0.054,0.127,0.743,"Baker"
"392",13009,0.02,0.089,0.107,0.29,0.494,"Baldwin"
"393",13011,0.136,0.103,0.125,0.238,0.399,"Banks"
"394",13013,0.063,0.086,0.092,0.19,0.568,"Barrow"
"395",13015,0.215,0.05,0.123,0.143,0.47,"Bartow"
"396",13017,0.129,0.078,0.109,0.202,0.483,"Ben Hill"
"397",13019,0.073,0.098,0.156,0.214,0.46,"Berrien"
"398",13021,0.043,0.094,0.176,0.201,0.487,"Bibb"
"399",13023,0.089,0.031,0.117,0.256,0.508,"Bleckley"
"400",13025,0.047,0.129,0.15,0.164,0.51,"Brantley"
"401",13027,0.092,0.165,0.124,0.235,0.385,"Brooks"
"402",13029,0.033,0.039,0.095,0.238,0.595,"Bryan"
"403",13031,0.053,0.049,0.163,0.31,0.424,"Bulloch"
"404",13033,0.105,0.109,0.087,0.208,0.492,"Burke"
"405",13035,0.125,0.037,0.144,0.163,0.53,"Butts"
"406",13037,0.013,0.035,0.043,0.172,0.737,"Calhoun"
"407",13039,0.136,0.125,0.17,0.113,0.456,"Camden"
"408",13043,0.037,0.045,0.177,0.264,0.477,"Candler"
"409",13045,0.089,0.133,0.154,0.168,0.457,"Carroll"
"410",13047,0.143,0.152,0.114,0.217,0.375,"Catoosa"
"411",13049,0.065,0.094,0.15,0.196,0.495,"Charlton"
"412",13051,0.035,0.04,0.144,0.158,0.624,"Chatham"
"413",13053,0.061,0.072,0.108,0.214,0.545,"Chattahoochee"
"414",13055,0.116,0.102,0.187,0.143,0.451,"Chattooga"
"415",13057,0.049,0.054,0.1,0.213,0.584,"Cherokee"
"416",13059,0.054,0.057,0.06,0.226,0.603,"Clarke"
"417",13061,0.028,0.066,0.12,0.223,0.562,"Clay"
"418",13063,0.038,0.054,0.125,0.159,0.624,"Clayton"
"419",13065,0.06,0.058,0.134,0.168,0.58,"Clinch"
"420",13067,0.039,0.049,0.116,0.225,0.572,"Cobb"
"421",13069,0.085,0.124,0.164,0.222,0.404,"Coffee"
"422",13071,0.108,0.191,0.074,0.233,0.394,"Colquitt"
"423",13073,0.061,0.064,0.095,0.234,0.547,"Columbia"
"424",13075,0.098,0.134,0.123,0.203,0.441,"Cook"
"425",13077,0.105,0.053,0.183,0.204,0.455,"Coweta"
"426",13079,0.057,0.051,0.231,0.192,0.468,"Crawford"
"427",13081,0.119,0.023,0.06,0.163,0.635,"Crisp"
"428",13083,0.128,0.222,0.13,0.249,0.27,"Dade"
"429",13085,0.049,0.09,0.128,0.162,0.571,"Dawson"
"430",13087,0.093,0.04,0.171,0.18,0.516,"Decatur"
"431",13089,0.036,0.028,0.075,0.156,0.704,"DeKalb"
"432",13091,0.145,0.025,0.15,0.236,0.443,"Dodge"
"433",13093,0.077,0.034,0.058,0.204,0.627,"Dooly"
"434",13095,0.033,0.037,0.045,0.159,0.726,"Dougherty"
"435",13097,0.083,0.037,0.09,0.198,0.591,"Douglas"
"436",13099,0.045,0.062,0.156,0.253,0.485,"Early"
"437",13101,0.097,0.073,0.182,0.202,0.446,"Echols"
"438",13103,0.044,0.064,0.145,0.272,0.475,"Effingham"
"439",13105,0.132,0.177,0.081,0.107,0.503,"Elbert"
"440",13107,0.062,0.044,0.142,0.252,0.5,"Emanuel"
"441",13109,0.03,0.078,0.229,0.29,0.372,"Evans"
"442",13111,0.075,0.088,0.125,0.112,0.6,"Fannin"
"443",13113,0.06,0.086,0.131,0.218,0.505,"Fayette"
"444",13115,0.186,0.036,0.234,0.148,0.395,"Floyd"
"445",13117,0.035,0.048,0.083,0.193,0.641,"Forsyth"
"446",13119,0.168,0.074,0.117,0.215,0.425,"Franklin"
"447",13121,0.026,0.036,0.089,0.187,0.662,"Fulton"
"448",13123,0.128,0.042,0.087,0.198,0.545,"Gilmer"
"449",13125,0.156,0.066,0.107,0.13,0.541,"Glascock"
"450",13127,0.048,0.071,0.145,0.251,0.485,"Glynn"
"451",13129,0.172,0.1,0.201,0.157,0.369,"Gordon"
"452",13131,0.063,0.139,0.116,0.264,0.417,"Grady"
"453",13133,0.062,0.046,0.057,0.176,0.658,"Greene"
"454",13135,0.036,0.054,0.081,0.19,0.639,"Gwinnett"
"455",13137,0.063,0.1,0.116,0.292,0.43,"Habersham"
"456",13139,0.061,0.069,0.128,0.198,0.545,"Hall"
"457",13141,0.043,0.111,0.102,0.168,0.575,"Hancock"
"458",13143,0.184,0.123,0.165,0.184,0.345,"Haralson"
"459",13145,0.093,0.081,0.061,0.213,0.551,"Harris"
"460",13147,0.092,0.061,0.14,0.207,0.5,"Hart"
"461",13149,0.126,0.094,0.166,0.144,0.471,"Heard"
"462",13151,0.103,0.048,0.091,0.181,0.578,"Henry"
"463",13153,0.032,0.079,0.136,0.172,0.581,"Houston"
"464",13155,0.098,0.091,0.126,0.224,0.46,"Irwin"
"465",13157,0.125,0.085,0.117,0.24,0.434,"Jackson"
"466",13159,0.082,0.059,0.181,0.118,0.56,"Jasper"
"467",13161,0.124,0.138,0.165,0.183,0.39,"Jeff Davis"
"468",13163,0.251,0.055,0.099,0.102,0.493,"Jefferson"
"469",13165,0.114,0.053,0.084,0.261,0.488,"Jenkins"
"470",13167,0.119,0.053,0.109,0.251,0.468,"Johnson"
"471",13169,0.049,0.087,0.226,0.209,0.43,"Jones"
"472",13171,0.07,0.06,0.171,0.293,0.406,"Lamar"
"473",13173,0.102,0.07,0.145,0.181,0.502,"Lanier"
"474",13175,0.122,0.056,0.141,0.291,0.391,"Laurens"
"475",13177,0.035,0.033,0.039,0.162,0.732,"Lee"
"476",13179,0.007,0.099,0.066,0.215,0.614,"Liberty"
"477",13181,0.073,0.104,0.111,0.233,0.479,"Lincoln"
"478",13183,0.014,0.119,0.086,0.159,0.621,"Long"
"479",13185,0.108,0.101,0.149,0.208,0.435,"Lowndes"
"480",13187,0.035,0.086,0.13,0.245,0.504,"Lumpkin"
"481",13189,0.072,0.053,0.123,0.265,0.488,"McDuffie"
"482",13191,0.034,0.076,0.188,0.221,0.481,"McIntosh"
"483",13193,0.078,0.049,0.113,0.21,0.55,"Macon"
"484",13195,0.165,0.084,0.055,0.186,0.511,"Madison"
"485",13197,0.084,0.12,0.167,0.196,0.433,"Marion"
"486",13199,0.109,0.086,0.138,0.15,0.517,"Meriwether"
"487",13201,0.064,0.056,0.182,0.159,0.539,"Miller"
"488",13205,0.044,0.112,0.055,0.159,0.63,"Mitchell"
"489",13207,0.072,0.035,0.184,0.253,0.455,"Monroe"
"490",13209,0.114,0.083,0.174,0.228,0.401,"Montgomery"
"491",13211,0.061,0.064,0.093,0.168,0.614,"Morgan"
"492",13213,0.193,0.03,0.182,0.177,0.417,"Murray"
"493",13215,0.063,0.073,0.083,0.225,0.555,"Muscogee"
"494",13217,0.094,0.076,0.123,0.207,0.5,"Newton"
"495",13219,0.049,0.063,0.095,0.181,0.611,"Oconee"
"496",13221,0.056,0.082,0.054,0.181,0.627,"Oglethorpe"
"497",13223,0.097,0.068,0.108,0.233,0.494,"Paulding"
"498",13225,0.027,0.074,0.172,0.16,0.567,"Peach"
"499",13227,0.038,0.118,0.101,0.188,0.555,"Pickens"
"500",13229,0.05,0.143,0.127,0.157,0.522,"Pierce"
"501",13231,0.059,0.06,0.147,0.192,0.542,"Pike"
"502",13233,0.106,0.071,0.192,0.145,0.485,"Polk"
"503",13235,0.079,0.031,0.098,0.218,0.575,"Pulaski"
"504",13237,0.059,0.093,0.118,0.214,0.516,"Putnam"
"505",13239,0.053,0.15,0.095,0.163,0.538,"Quitman"
"506",13241,0.1,0.083,0.124,0.229,0.464,"Rabun"
"507",13243,0.016,0.065,0.05,0.2,0.669,"Randolph"
"508",13245,0.068,0.059,0.114,0.18,0.578,"Richmond"
"509",13247,0.058,0.078,0.115,0.216,0.534,"Rockdale"
"510",13249,0.07,0.102,0.117,0.214,0.497,"Schley"
"511",13251,0.198,0.069,0.081,0.242,0.41,"Screven"
"512",13253,0.073,0.079,0.202,0.135,0.51,"Seminole"
"513",13255,0.072,0.038,0.179,0.202,0.509,"Spalding"
"514",13257,0.087,0.116,0.116,0.31,0.37,"Stephens"
"515",13259,0.055,0.092,0.133,0.203,0.517,"Stewart"
"516",13261,0.055,0.056,0.046,0.202,0.641,"Sumter"
"517",13263,0.168,0.08,0.089,0.171,0.492,"Talbot"
"518",13265,0.065,0.048,0.086,0.158,0.644,"Taliaferro"
"519",13267,0.051,0.076,0.214,0.224,0.434,"Tattnall"
"520",13269,0.126,0.069,0.182,0.201,0.422,"Taylor"
"521",13271,0.156,0.075,0.134,0.208,0.427,"Telfair"
"522",13273,0.019,0.029,0.03,0.167,0.755,"Terrell"
"523",13275,0.026,0.096,0.12,0.228,0.53,"Thomas"
"524",13277,0.066,0.088,0.122,0.227,0.496,"Tift"
"525",13279,0.097,0.069,0.179,0.226,0.429,"Toombs"
"526",13281,0.076,0.096,0.098,0.199,0.531,"Towns"
"527",13283,0.096,0.07,0.168,0.267,0.399,"Treutlen"
"528",13285,0.175,0.031,0.119,0.178,0.497,"Troup"
"529",13287,0.141,0.042,0.094,0.175,0.547,"Turner"
"530",13289,0.04,0.077,0.188,0.148,0.547,"Twiggs"
"531",13291,0.065,0.119,0.087,0.168,0.56,"Union"
"532",13293,0.16,0.1,0.114,0.206,0.421,"Upson"
"533",13295,0.144,0.164,0.117,0.21,0.366,"Walker"
"534",13297,0.106,0.127,0.184,0.141,0.442,"Walton"
"535",13299,0.061,0.108,0.109,0.166,0.556,"Ware"
"536",13301,0.095,0.065,0.14,0.226,0.474,"Warren"
"537",13303,0.104,0.07,0.053,0.157,0.617,"Washington"
"538",13305,0.029,0.139,0.143,0.139,0.55,"Wayne"
"539",13307,0.019,0.064,0.103,0.21,0.603,"Webster"
"540",13309,0.135,0.078,0.162,0.23,0.395,"Wheeler"
"541",13311,0.057,0.064,0.099,0.347,0.433,"White"
"542",13313,0.185,0.068,0.203,0.142,0.403,"Whitfield"
"543",13315,0.173,0.017,0.083,0.157,0.569,"Wilcox"
"544",13317,0.08,0.086,0.114,0.172,0.548,"Wilkes"
"545",13319,0.039,0.062,0.141,0.224,0.534,"Wilkinson"
"546",13321,0.069,0.056,0.083,0.187,0.605,"Worth"
"547",15001,0.01,0.032,0.037,0.122,0.799,"Hawaii"
"548",15003,0.011,0.012,0.027,0.151,0.798,"Honolulu"
"549",15005,0.026,0.013,0.032,0.08,0.85,"Kalawao"
"550",15007,0,0.021,0.046,0.108,0.825,"Kauai"
"551",15009,0.034,0.016,0.025,0.122,0.803,"Maui"
"552",16001,0.118,0.078,0.084,0.194,0.526,"Ada"
"553",16003,0.094,0.216,0.218,0.218,0.254,"Adams"
"554",16005,0.084,0.193,0.176,0.195,0.352,"Bannock"
"555",16007,0.151,0.12,0.102,0.243,0.385,"Bear Lake"
"556",16009,0.038,0.059,0.15,0.152,0.601,"Benewah"
"557",16011,0.095,0.197,0.175,0.229,0.304,"Bingham"
"558",16013,0.155,0.107,0.102,0.13,0.506,"Blaine"
"559",16015,0.057,0.038,0.038,0.549,0.318,"Boise"
"560",16017,0.088,0.116,0.119,0.241,0.436,"Bonner"
"561",16019,0.096,0.202,0.188,0.247,0.268,"Bonneville"
"562",16021,0.045,0.171,0.061,0.185,0.537,"Boundary"
"563",16023,0.107,0.213,0.159,0.222,0.298,"Butte"
"564",16025,0.186,0.03,0.047,0.098,0.639,"Camas"
"565",16027,0.113,0.095,0.17,0.24,0.381,"Canyon"
"566",16029,0.1,0.181,0.191,0.202,0.326,"Caribou"
"567",16031,0.134,0.223,0.102,0.149,0.392,"Cassia"
"568",16033,0.119,0.228,0.196,0.239,0.218,"Clark"
"569",16035,0.037,0.112,0.127,0.25,0.475,"Clearwater"
"570",16037,0.069,0.029,0.199,0.244,0.458,"Custer"
"571",16039,0.206,0.044,0.038,0.173,0.539,"Elmore"
"572",16041,0.131,0.118,0.085,0.256,0.41,"Franklin"
"573",16043,0.111,0.206,0.202,0.247,0.233,"Fremont"
"574",16045,0.119,0.136,0.111,0.198,0.436,"Gem"
"575",16047,0.211,0.202,0.089,0.153,0.345,"Gooding"
"576",16049,0.045,0.094,0.164,0.275,0.423,"Idaho"
"577",16051,0.099,0.208,0.192,0.249,0.252,"Jefferson"
"578",16053,0.175,0.219,0.096,0.167,0.343,"Jerome"
"579",16055,0.146,0.105,0.17,0.22,0.359,"Kootenai"
"580",16057,0.002,0.012,0.066,0.328,0.592,"Latah"
"581",16059,0.109,0.173,0.231,0.125,0.362,"Lemhi"
"582",16061,0.027,0.073,0.157,0.285,0.459,"Lewis"
"583",16063,0.18,0.2,0.105,0.135,0.379,"Lincoln"
"584",16065,0.101,0.207,0.196,0.25,0.245,"Madison"
"585",16067,0.134,0.219,0.106,0.152,0.39,"Minidoka"
"586",16069,0.009,0.03,0.117,0.326,0.517,"Nez Perce"
"587",16071,0.083,0.173,0.153,0.185,0.406,"Oneida"
"588",16073,0.123,0.137,0.146,0.171,0.423,"Owyhee"
"589",16075,0.081,0.199,0.174,0.242,0.304,"Payette"
"590",16077,0.078,0.205,0.152,0.185,0.381,"Power"
"591",16079,0.068,0.144,0.299,0.147,0.342,"Shoshone"
"592",16081,0.099,0.189,0.19,0.25,0.272,"Teton"
"593",16083,0.166,0.222,0.101,0.177,0.335,"Twin Falls"
"594",16085,0.041,0.118,0.102,0.378,0.361,"Valley"
"595",16087,0.136,0.13,0.324,0.172,0.239,"Washington"
"596",17001,0.18,0.092,0.189,0.19,0.35,"Adams"
"597",17003,0.11,0.082,0.148,0.262,0.398,"Alexander"
"598",17005,0.07,0.055,0.108,0.218,0.549,"Bond"
"599",17007,0.025,0.006,0.065,0.244,0.66,"Boone"
"600",17009,0.18,0.099,0.136,0.2,0.385,"Brown"
"601",17011,0.012,0.019,0.156,0.208,0.605,"Bureau"
"602",17013,0.082,0.06,0.219,0.366,0.273,"Calhoun"
"603",17015,0.03,0.064,0.12,0.19,0.596,"Carroll"
"604",17017,0.103,0.08,0.19,0.187,0.441,"Cass"
"605",17019,0,0.067,0.08,0.192,0.661,"Champaign"
"606",17021,0.059,0.057,0.091,0.19,0.603,"Christian"
"607",17023,0.127,0.089,0.107,0.226,0.451,"Clark"
"608",17025,0.062,0.115,0.145,0.306,0.372,"Clay"
"609",17027,0.102,0.063,0.083,0.166,0.587,"Clinton"
"610",17029,0.112,0.055,0.201,0.221,0.411,"Coles"
"611",17031,0.023,0.021,0.072,0.162,0.722,"Cook"
"612",17033,0.146,0.196,0.047,0.219,0.392,"Crawford"
"613",17035,0.095,0.075,0.194,0.212,0.424,"Cumberland"
"614",17037,0.007,0.012,0.034,0.191,0.756,"DeKalb"
"615",17039,0.035,0.106,0.073,0.28,0.507,"De Witt"
"616",17041,0.048,0.061,0.105,0.191,0.594,"Douglas"
"617",17043,0.01,0.01,0.056,0.163,0.76,"DuPage"
"618",17045,0.174,0.09,0.131,0.208,0.398,"Edgar"
"619",17047,0.086,0.148,0.233,0.306,0.228,"Edwards"
"620",17049,0.072,0.072,0.214,0.232,0.41,"Effingham"
"621",17051,0.069,0.076,0.156,0.229,0.47,"Fayette"
"622",17053,0.011,0.082,0.167,0.172,0.567,"Ford"
"623",17055,0.099,0.166,0.119,0.211,0.405,"Franklin"
"624",17057,0.016,0.03,0.311,0.199,0.444,"Fulton"
"625",17059,0.201,0.06,0.128,0.238,0.373,"Gallatin"
"626",17061,0.136,0.029,0.109,0.217,0.508,"Greene"
"627",17063,0.056,0.056,0.105,0.183,0.599,"Grundy"
"628",17065,0.138,0.179,0.1,0.21,0.373,"Hamilton"
"629",17067,0.147,0.154,0.125,0.163,0.411,"Hancock"
"630",17069,0.163,0.072,0.235,0.191,0.34,"Hardin"
"631",17071,0.096,0.044,0.101,0.155,0.604,"Henderson"
"632",17073,0.067,0.072,0.061,0.203,0.597,"Henry"
"633",17075,0.097,0.168,0.069,0.242,0.424,"Iroquois"
"634",17077,0.066,0.078,0.151,0.209,0.496,"Jackson"
"635",17079,0.099,0.135,0.131,0.254,0.38,"Jasper"
"636",17081,0.122,0.126,0.08,0.279,0.393,"Jefferson"
"637",17083,0.074,0.079,0.124,0.185,0.537,"Jersey"
"638",17085,0.034,0.104,0.22,0.178,0.465,"Jo Daviess"
"639",17087,0.124,0.05,0.189,0.141,0.496,"Johnson"
"640",17089,0.013,0.026,0.048,0.165,0.748,"Kane"
"641",17091,0.044,0.084,0.096,0.249,0.527,"Kankakee"
"642",17093,0.001,0.009,0.065,0.136,0.788,"Kendall"
"643",17095,0.035,0.031,0.194,0.246,0.494,"Knox"
"644",17097,0.02,0.018,0.046,0.146,0.769,"Lake"
"645",17099,0.018,0.046,0.113,0.267,0.556,"LaSalle"
"646",17101,0.197,0.157,0.105,0.281,0.26,"Lawrence"
"647",17103,0.013,0.054,0.058,0.224,0.65,"Lee"
"648",17105,0.03,0.147,0.08,0.234,0.51,"Livingston"
"649",17107,0.046,0.045,0.23,0.128,0.551,"Logan"
"650",17109,0.041,0.091,0.097,0.182,0.59,"McDonough"
"651",17111,0.03,0.012,0.066,0.176,0.716,"McHenry"
"652",17113,0.085,0.062,0.091,0.201,0.561,"McLean"
"653",17115,0.016,0.062,0.088,0.286,0.549,"Macon"
"654",17117,0.015,0.05,0.147,0.227,0.561,"Macoupin"
"655",17119,0.035,0.045,0.083,0.189,0.648,"Madison"
"656",17121,0.1,0.093,0.101,0.302,0.404,"Marion"
"657",17123,0.048,0.083,0.133,0.198,0.538,"Marshall"
"658",17125,0.238,0.031,0.292,0.126,0.313,"Mason"
"659",17127,0.097,0.043,0.232,0.256,0.373,"Massac"
"660",17129,0.102,0.047,0.138,0.172,0.54,"Menard"
"661",17131,0.039,0.066,0.11,0.215,0.571,"Mercer"
"662",17133,0.003,0.04,0.112,0.174,0.67,"Monroe"
"663",17135,0.018,0.05,0.091,0.316,0.525,"Montgomery"
"664",17137,0.05,0.062,0.177,0.178,0.533,"Morgan"
"665",17139,0.081,0.073,0.213,0.243,0.39,"Moultrie"
"666",17141,0.053,0.045,0.129,0.184,0.589,"Ogle"
"667",17143,0.039,0.036,0.096,0.251,0.577,"Peoria"
"668",17145,0.055,0.092,0.104,0.358,0.392,"Perry"
"669",17147,0.003,0.052,0.06,0.198,0.688,"Piatt"
"670",17149,0.138,0.079,0.218,0.205,0.36,"Pike"
"671",17151,0.104,0.054,0.213,0.214,0.415,"Pope"
"672",17153,0.117,0.064,0.189,0.225,0.405,"Pulaski"
"673",17155,0.021,0.025,0.168,0.251,0.535,"Putnam"
"674",17157,0.008,0.032,0.117,0.391,0.452,"Randolph"
"675",17159,0.111,0.151,0.107,0.3,0.331,"Richland"
"676",17161,0.078,0.025,0.066,0.235,0.596,"Rock Island"
"677",17163,0.032,0.027,0.037,0.138,0.767,"St. Clair"
"678",17165,0.117,0.106,0.111,0.204,0.462,"Saline"
"679",17167,0.017,0.03,0.155,0.233,0.564,"Sangamon"
"680",17169,0.132,0.1,0.152,0.198,0.417,"Schuyler"
"681",17171,0.113,0.057,0.148,0.162,0.52,"Scott"
"682",17173,0.07,0.047,0.168,0.245,0.469,"Shelby"
"683",17175,0.013,0.101,0.058,0.155,0.672,"Stark"
"684",17177,0.036,0.059,0.041,0.222,0.644,"Stephenson"
"685",17179,0.044,0.04,0.141,0.215,0.56,"Tazewell"
"686",17181,0.1,0.078,0.162,0.195,0.466,"Union"
"687",17183,0.023,0.119,0.088,0.266,0.504,"Vermilion"
"688",17185,0.078,0.113,0.271,0.325,0.212,"Wabash"
"689",17187,0.042,0.02,0.141,0.276,0.522,"Warren"
"690",17189,0.118,0.046,0.053,0.327,0.456,"Washington"
"691",17191,0.086,0.142,0.128,0.3,0.345,"Wayne"
"692",17193,0.19,0.144,0.095,0.239,0.332,"White"
"693",17195,0.025,0.066,0.042,0.218,0.649,"Whiteside"
"694",17197,0.041,0.024,0.062,0.134,0.739,"Will"
"695",17199,0.095,0.122,0.136,0.183,0.464,"Williamson"
"696",17201,0.031,0.03,0.089,0.193,0.657,"Winnebago"
"697",17203,0.062,0.067,0.112,0.242,0.517,"Woodford"
"698",18001,0.136,0.047,0.16,0.348,0.309,"Adams"
"699",18003,0.07,0.14,0.099,0.228,0.464,"Allen"
"700",18005,0.138,0.084,0.085,0.286,0.406,"Bartholomew"
"701",18007,0.082,0.126,0.112,0.183,0.496,"Benton"
"702",18009,0.093,0.152,0.106,0.203,0.447,"Blackford"
"703",18011,0.052,0.085,0.142,0.308,0.413,"Boone"
"704",18013,0.055,0.061,0.041,0.184,0.66,"Brown"
"705",18015,0.059,0.104,0.17,0.22,0.447,"Carroll"
"706",18017,0.037,0.192,0.283,0.206,0.283,"Cass"
"707",18019,0.068,0.06,0.141,0.228,0.501,"Clark"
"708",18021,0.122,0.073,0.112,0.226,0.466,"Clay"
"709",18023,0.088,0.033,0.132,0.285,0.462,"Clinton"
"710",18025,0.067,0.089,0.118,0.261,0.465,"Crawford"
"711",18027,0.049,0.061,0.13,0.214,0.546,"Daviess"
"712",18029,0.083,0.1,0.168,0.277,0.371,"Dearborn"
"713",18031,0.175,0.083,0.101,0.204,0.437,"Decatur"
"714",18033,0.109,0.074,0.118,0.149,0.55,"DeKalb"
"715",18035,0.095,0.109,0.124,0.197,0.475,"Delaware"
"716",18037,0.01,0.105,0.086,0.25,0.55,"Dubois"
"717",18039,0.03,0.097,0.094,0.252,0.528,"Elkhart"
"718",18041,0.161,0.041,0.048,0.237,0.514,"Fayette"
"719",18043,0.053,0.086,0.154,0.233,0.474,"Floyd"
"720",18045,0.077,0.089,0.147,0.212,0.474,"Fountain"
"721",18047,0.07,0.082,0.104,0.199,0.545,"Franklin"
"722",18049,0.142,0.114,0.128,0.217,0.399,"Fulton"
"723",18051,0.09,0.1,0.204,0.255,0.351,"Gibson"
"724",18053,0.053,0.108,0.133,0.311,0.393,"Grant"
"725",18055,0.099,0.027,0.081,0.235,0.558,"Greene"
"726",18057,0.07,0.051,0.049,0.234,0.596,"Hamilton"
"727",18059,0.068,0.04,0.166,0.306,0.42,"Hancock"
"728",18061,0.094,0.084,0.205,0.258,0.359,"Harrison"
"729",18063,0.054,0.052,0.113,0.257,0.523,"Hendricks"
"730",18065,0.183,0.148,0.125,0.111,0.434,"Henry"
"731",18067,0.008,0.083,0.183,0.301,0.426,"Howard"
"732",18069,0.15,0.182,0.053,0.199,0.416,"Huntington"
"733",18071,0.097,0.098,0.105,0.388,0.312,"Jackson"
"734",18073,0.186,0.1,0.065,0.328,0.321,"Jasper"
"735",18075,0.141,0.139,0.157,0.235,0.328,"Jay"
"736",18077,0.083,0.219,0.218,0.225,0.255,"Jefferson"
"737",18079,0.095,0.105,0.172,0.308,0.319,"Jennings"
"738",18081,0.057,0.094,0.1,0.192,0.557,"Johnson"
"739",18083,0.158,0.125,0.121,0.259,0.338,"Knox"
"740",18085,0.073,0.147,0.089,0.195,0.496,"Kosciusko"
"741",18087,0.059,0.082,0.171,0.236,0.452,"LaGrange"
"742",18089,0.043,0.057,0.088,0.219,0.592,"Lake"
"743",18091,0.084,0.075,0.168,0.206,0.466,"LaPorte"
"744",18093,0.092,0.117,0.109,0.191,0.491,"Lawrence"
"745",18095,0.062,0.084,0.15,0.145,0.559,"Madison"
"746",18097,0.051,0.053,0.116,0.232,0.548,"Marion"
"747",18099,0.12,0.103,0.159,0.229,0.389,"Marshall"
"748",18101,0.041,0.064,0.123,0.223,0.55,"Martin"
"749",18103,0.054,0.125,0.253,0.226,0.343,"Miami"
"750",18105,0.037,0.037,0.094,0.242,0.591,"Monroe"
"751",18107,0.07,0.116,0.168,0.156,0.49,"Montgomery"
"752",18109,0.06,0.131,0.136,0.188,0.485,"Morgan"
"753",18111,0.102,0.153,0.092,0.338,0.316,"Newton"
"754",18113,0.057,0.11,0.135,0.197,0.5,"Noble"
"755",18115,0.06,0.078,0.18,0.223,0.459,"Ohio"
"756",18117,0.096,0.086,0.073,0.315,0.43,"Orange"
"757",18119,0.094,0.038,0.087,0.282,0.5,"Owen"
"758",18121,0.116,0.111,0.174,0.195,0.405,"Parke"
"759",18123,0.01,0.109,0.087,0.252,0.542,"Perry"
"760",18125,0.052,0.089,0.163,0.2,0.495,"Pike"
"761",18127,0.05,0.1,0.108,0.231,0.512,"Porter"
"762",18129,0.132,0.056,0.115,0.226,0.472,"Posey"
"763",18131,0.135,0.219,0.171,0.253,0.223,"Pulaski"
"764",18133,0.075,0.162,0.204,0.194,0.366,"Putnam"
"765",18135,0.128,0.13,0.228,0.179,0.336,"Randolph"
"766",18137,0.054,0.074,0.15,0.294,0.429,"Ripley"
"767",18139,0.133,0.118,0.063,0.279,0.408,"Rush"
"768",18141,0.031,0.04,0.102,0.228,0.598,"St. Joseph"
"769",18143,0.036,0.073,0.168,0.263,0.46,"Scott"
"770",18145,0.16,0.057,0.177,0.193,0.413,"Shelby"
"771",18147,0.017,0.134,0.104,0.216,0.529,"Spencer"
"772",18149,0.177,0.151,0.088,0.219,0.365,"Starke"
"773",18151,0.04,0.089,0.17,0.169,0.532,"Steuben"
"774",18153,0.127,0.071,0.077,0.207,0.517,"Sullivan"
"775",18155,0.089,0.125,0.209,0.234,0.344,"Switzerland"
"776",18157,0.093,0.083,0.102,0.204,0.518,"Tippecanoe"
"777",18159,0.033,0.082,0.089,0.444,0.352,"Tipton"
"778",18161,0.095,0.053,0.106,0.178,0.569,"Union"
"779",18163,0.07,0.039,0.115,0.234,0.542,"Vanderburgh"
"780",18165,0.113,0.105,0.134,0.223,0.426,"Vermillion"
"781",18167,0.118,0.064,0.102,0.25,0.466,"Vigo"
"782",18169,0.07,0.11,0.237,0.202,0.381,"Wabash"
"783",18171,0.079,0.115,0.092,0.223,0.492,"Warren"
"784",18173,0.045,0.038,0.117,0.252,0.548,"Warrick"
